0.0,133.0,5.0,-6.0,5.0263056E7,41.0,2800.0,-1.0,5.0263056E7,-1.0,-1.0,-1.0,0.0,-1.0,-1.0,0.0,-0.0
0.0,133.0,5.0,-6.0,5.0263056E7,41.0,2800.0,-1.0,5.0263056E7,-1.0,-1.0,-1.0,0.0,-1.0,-1.0,0.0,-0.0
0.0,133.0,5.0,-6.0,5.0263056E7,41.0,2800.0,-1.0,5.0263056E7,-1.0,-1.0,-1.0,0.0,-1.0,-1.0,0.0,-0.0
0.0,133.0,5.0,-6.0,5.0263056E7,41.0,2800.0,-1.0,5.0263056E7,-1.0,-1.0,-1.0,0.0,-1.0,-1.0,0.0,-0.0
0.0,133.0,5.0,-6.0,5.0263056E7,41.0,2800.0,-1.0,5.0263056E7,-1.0,-1.0,-1.0,0.0,-1.0,-1.0,40.160261853171974,0.7716421921815986
0.0,133.0,5.0,-6.0,5.0263056E7,41.0,2800.0,-1.0,5.0263056E7,-1.0,-1.0,-1.0,0.0,-1.0,-1.0,0.0,0.0
0.0,133.0,5.0,-6.0,5.0263056E7,41.0,2800.0,-1.0,5.0263056E7,-1.0,-1.0,-1.0,0.0,-1.0,-1.0,40.05213120373643,1.0
0.0,133.0,5.0,-6.0,5.0263056E7,41.0,2800.0,-1.0,47.0,-1.0,-1.0,-1.0,0.0,-1.0,-1.0,39.96634300329208,1.0
0.0,133.0,5.0,-6.0,5.0263056E7,41.0,2800.0,-1.0,53.0,-1.0,-1.0,-1.0,0.0,-1.0,-1.0,39.77527971651428,1.0
0.0,133.0,5.0,-6.0,5.0263056E7,41.0,2800.0,-1.0,5.0263056E7,-1.0,-1.0,-1.0,0.0,-1.0,-1.0,39.77549034586824,1.0
0.0,133.0,5.0,-6.0,5.0263056E7,41.0,2800.0,-1.0,5.0263056E7,-1.0,-1.0,-1.0,0.0,-1.0,-1.0,39.74252851031003,1.0
0.0,133.0,5.0,-6.0,5.0263056E7,41.0,2800.0,-1.0,5.0263056E7,-1.0,-1.0,-1.0,0.0,-1.0,-1.0,39.74900204885202,1.0
0.0,133.0,5.0,-6.0,5.0263056E7,41.0,2800.0,-1.0,5.0263056E7,-1.0,-1.0,-1.0,0.0,-1.0,-1.0,39.76340871558136,1.0
0.0,133.0,5.0,-6.0,5.0263056E7,41.0,2800.0,-1.0,5.0263056E7,-1.0,-1.0,-1.0,0.0,-1.0,-1.0,39.74720105204155,1.0
0.0,133.0,5.0,-6.0,5.0263056E7,41.0,2800.0,-1.0,5.0263056E7,-1.0,-1.0,-1.0,0.0,-1.0,-1.0,39.785315178493065,1.0
0.0,133.0,5.0,-6.0,5.0263056E7,41.0,2800.0,-1.0,5.0263056E7,-1.0,-1.0,-1.0,0.0,-1.0,-1.0,39.750868902648364,1.0
0.0,133.0,5.0,-6.0,-6.0,41.0,2800.0,-1.0,2800.0,-1.0,-1.0,-1.0,0.0,-1.0,-1.0,39.76944200981165,1.0
0.0,133.0,5.0,-6.0,-6.0,41.0,2800.0,-1.0,2800.0,-1.0,-1.0,-1.0,0.0,-1.0,-1.0,39.785814673920704,1.0
0.0,133.0,5.0,-6.0,-6.0,41.0,2800.0,-1.0,2800.0,-1.0,-1.0,-1.0,0.0,-1.0,-1.0,39.78147181229818,1.0
